155
56
156
35
66
34
209
158
98
133
45
11
243
51
238
153
8
194
248
102
354
225
36
245
18
16
206
190
193
182
171
186
75
214
32
28
81
4
84
22
98
71
86
208
18
127
157
162
142
126
496
152
147
58
3
122
203
349
127
93
52
183
170
76
138
131
67
255
100
238
192
200
21
85
248
31
176
121
69
202
248
9
99
179
94
192
181
435
57
363
126
145
199
61
231
21
249
86
86
177
215
144
107
192
88
73
35
189
103
184
52
242
94
214
65
103
94
230
80
327
0
176
437
40
286
162
227
25
62
275
7
158
115
60
147
214
247
168
72
235
214
13
88
92
243
167
81
464
134
83
78
140
202
236
203
21
81
79
214
114
207
105
33
26
157
187
15
122
187
198
190
246
99
138
135
162
244
154
219
140
66
30
220
181
42
74
122
246
41
219
53
41
186
199
112
240
121
215
128
162
181
221
148
164
39
35
173
157
66
199
179
90
105
196
48
11
172
214
163
46
40
103
145
76
43
175
213
252
64
3
214
205
3
167
130
130
65
246
15
39
32
96
173
25
98
125
252
59
175
169
68
169
248
235
6
66
146
214
104
128
95
9
142
49
158
149
210
189
197
16
158
180
136
97
152
159
211
213
101
104
102
241
5
140
48
226
161
129
182
158
89
69
225
95
178
102
134
7
162
65
151
63
195
17
96
181
66
255
179
106
174
56
255
255
14
183
169
21
164
201
232
91
55
128
120
176
32
202
177
125
114
147
131
214
101
5
144
19
240
197
188
14
35
201
51
132
174
154
59
131
42
153
240
179
74
135
115
232
222
21
199
45
245
107
36
218
144
35
128
251
51
124
189
141
14
206
61
151
45
73
187
96
158
112
52
127
174
208
55
193
239
75
166
2
248
48
168
150
190
123
198
248
151
4
4
53
175
4
248
86
169
111
57
7
90
210
233
202
229
71
128
51
223
76
176
253
111
8
35
165
248
170
224
115
229
38
198
113
115
76
238
75
223
3
76
142
22
76
101
124
179
195
123
55
68
212
96
0
161
157
133
127
91
123
23
134
227
173
31
11
128
100
87
30
189
239
251
87
190
147
7
206
148
204
133
29
225
90
195
5
28
157
215
175
89
88
6
156
150
188
125
155
231
192
61
152
71
151
235
251
221
4
185
214
223
78
253
236
1
216
27
27
245
221
77
169
104
155
96
47
75
111
42
157
218
156
119
118
26
136
159
239
135
134
240
239
28
31
53
4
97
177
30
197
83
122
58
32
255
190
253
110
152
47
0
182
174
154
164
238
55
78
227
140
144
159
118
152
252
242
182
206
32
85
33
102
74
184
236
221
90
130
35
225
120
196
132
72
181
87
14
99
45
142
245
6
227
41
11
242
215
204
2
214
247
188
162
27
127
109
41
213
192
12
248
131
4
89
205
98
62
251
181
87
174
226
185
105
108
224
171
221
190
245
27
146
19
87
137
224
131
248
181
134
200
183
74
98
165
124
164
95
113
111
224
86
233
0
254
118
86
234
51
107
24
141
244
222
216
98
230
214
187
116
255
152
136
49
182
251
13
59
154
11
198
52
217
61
109
35
9
28
82
15
184
194
201
116
208
78
219
191
253
242
202
168
215
181
252
58
4
94
119
43
23
43
3
175
108
191
231
130
241
130
34
3
131
131
85
239
144
134
213
38
248
120
130
107
160
112
40
79
201
73
30
7
236
231
172
253
46
99
16
179
224
148
248
255
134
113
39
69
20
172
208
100
211
242
108
153
74
91
86
135
130
246
61
33
113
171
253
63
134
73
35
200
74
245
135
206
183
94
223
100
126
115
94
198
137
233
97
120
27
154
155
32
186
244
126
129
126
175
123
65
53
245
218
14
8
116
102
233
161
109
247
105
169
1
231
31
212
177
161
199
171
45
220
105
53
52
70
90
189
144
101
242
115
116
214
146
17
12
168
136
188
206
238
64
127
14
98
182
196
113
164
144
140
103
135
199
73
38
167
77
185
110
15
153
32
251
204
203
100
225
49
108
214
160
219
11
97
194
121
142
192
124
215
30
230
142
21
179
128
251
164
95
11
177
124
164
160
59
227
171
41
194
102
239
228
61
134
205
29
0
206
66
234
115
46
150
12
167
33
215
50
185
83
61
155
116
39
158
60
90
92
191
142
196
30
235
238
177
17
81
107
243
186
127
135
175
80
120
1
110
117
18
132
122
107
6
93
254
181
145
116
194
129
237
236
229
253
203
33
163
136
195
129
174
60
216
112
58
148
91
6
4
162
214
111
190
226
117
255
12
106
183
157
72
204
33
166
208
131
197
164
6
174
177
78
145
36
208
100
233
10
155
109
188
42
246
155
56
156
35
66
34
252
158
98
133
45
11
243
51
238
153
8
194
248
102
24
33
36
68
18
16
206
190
193
182
171
186
75
214
32
28
81
4
84
22
98
71
139
208
18
127
157
162
142
126
212
152
147
58
3
122
203
60
127
93
52
183
170
76
138
131
67
255
100
238
192
200
52
85
248
31
176
121
69
202
248
9
99
179
94
192
181
93
57
107
126
145
199
61
231
21
249
86
86
177
215
144
107
192
88
73
35
189
103
184
52
242
94
214
65
103
94
230
80
65
0
176
63
40
250
162
227
25
62
85
7
158
115
60
147
214
247
168
72
235
214
13
237
92
243
167
81
147
134
83
78
140
165
202
38
246
78
9
189
60
211
210
73
161
240
49
101
217
199
220
198
101
30
85
139
77
234
141
27
28
124
71
43
175
125
101
112
179
169
110
229
77
164
58
52
90
220
184
162
239
67
142
178
112
107
185
45
109
38
197
95
86
248
225
170
74
137
196
234
56
220
50
231
54
15
208
203
8
119
237
167
24
222
188
13
172
132
128
62
95
112
227
186
83
142
1
222
77
145
235
55
2
23
131
60
122
157
179
25
220
190
221
174
217
103
228
109
81
147
51
224
238
156
158
150
210
65
154
205
196
133
238
247
51
140
167
106
209
157
88
125
203
88
255
36
200
167
161
143
48
218
167
100
206
73
233
119
49
11
215
62
38
3
97
87
104
98
219
205
102
72
169
164
68
226
94
178
51
122
110
163
91
38
111
233
102
213
74
2
81
27
90
196
136
104
228
37
90
35
72
139
112
199
161
217
63
59
240
233
154
225
124
57
212
185
95
23
225
54
242
127
246
149
114
234
156
167
67
86
130
240
101
17
65
94
98
172
161
23
216
236
209
189
173
165
126
11
38
29
81
99
203
51
156
248
51
94
230
120
199
147
59
216
188
92
128
232
215
198
195
98
95
222
135
205
109
190
242
83
49
246
175
158
143
149
177
164
201
254
186
130
148
96
47
228
54
234
210
70
84
240
94
49
235
195
96
156
78
218
128
206
56
25
142
56
69
233
195
254
116
126
94
233
177
79
83
148
110
6
146
241
118
227
93
109
157
211
35
97
233
147
43
67
211
79
195
89
168
49
36
72
201
46
167
13
34
144
57
57
177
102
177
116
243
82
213
171
89
94
79
100
177
182
3
51
155
69
51
80
72
61
209
73
228
255
187
83
236
183
252
113
116
140
37
27
68
51
223
221
22
254
224
10
110
178
67
233
169
71
35
94
113
35
15
102
151
83
4
200
216
100
136
70
62
147
122
87
135
44
101
226
169
3
108
54
5
206
199
124
166
21
122
218
244
220
236
137
204
250
221
62
250
105
153
222
98
88
188
200
173
27
54
13
179
116
46
82
16
61
179
102
88
218
231
43
56
18
233
84
154
171
141
102
69
253
102
233
17
6
12
81
26
254
255
22
197
250
122
93
9
165
169
48
41
143
183
6
74
179
209
37
167
53
194
228
30
82
53
90
233
107
96
251
193
119
145
151
218
236
28
115
28
213
53
17
72
246
153
252
155
118
177
200
188
18
190
52
20
255
239
231
98
68
184
235
171
12
21
242
135
183
105
130
75
114
11
239
88
132
29
71
107
26
115
82
237
56
13
75
144
77
31
170
206
142
171
87
13
16
110
117
123
142
24
11
70
42
145
97
93
15
171
36
115
94
235
85
173
40
255
101
10
0
178
154
93
17
98
252
99
102
255
121
42
206
101
168
65
235
244
135
88
57
38
33
174
59
100
111
139
137
33
105
140
135
114
192
195
104
183
190
22
213
6
11
254
77
74
235
82
60
7
29
5
200
15
141
158
94
4
215
191
46
66
226
145
250
165
190
55
166
125
203
208
216
116
100
205
199
80
140
121
90
152
226
11
25
3
114
2
104
160
48
116
157
214
71
17
100
145
29
146
253
24
91
82
46
14
59
171
8
236
218
234
215
223
249
16
44
49
187
242
125
209
6
135
230
89
240
38
195
137
145
207
212
141
171
42
40
65
104
92
154
101
29
165
187
1
59
240
16
206
90
153
107
171
32
225
106
43
242
152
144
122
95
147
159
175
212
92
106
196
22
1
100
28
51
240
217
71
62
9
242
242
58
127
3
157
48
50
25
170
31
205
250
15
71
167
59
82
120
69
12
77
86
70
119
21
186
129
76
169
51
98
17
170
210
25
32
63
159
64
123
186
72
157
238
2
60
62
190
44
19
72
70
4
102
79
151
90
240
75
35
19
246
188
176
4
160
201
33
137
30
128
189
94
202
45
54
124
177
97
139
120
180
122
170
51
238
131
215
91
124
108
2
54
170
82
120
24
3
124
78
76
191
102
154
30
149
15
30
132
125
42
254
8
234
0
126
219
89
26
103
69
244
65
96
152
89
235
183
133
50
176
127
232
224
15
116
116
176
57
210
68
160
51
57
189
130
64
184
6
17
252
2
23
1
26
201
18
16
10
56
152
178
184
78
195
142
188
180
12
233
130
129
120
200
231
15
80
226
238
226
66
71
216
76
247
99
133
232
57
5
56
39
195
9
253
244
170
156
90
182
90
11
153
202
48
118
191
41
1
150
170
115
165
102
175
88
41
136
6
10
96
116
99
73
68
172
93
118
100
142
150
161
207
88
225
174
105
32
27
145
106
15
38
32
77
117
46
141
18
243
19
228
94
167
179
135
253
131
36
148
61
43
201
175
46
0
2
193
200
35
66
186
183
86
163
31
153
155
8
252
66
162
53
151
184
246
37
113
100
11
24
170
101
119
19
224
131
45
100
186
254
77
80
18
201
219
206
161
131
117
165
77
131
129
90
111
210
107
243
6
136
81
246
99
78
82
206
199
189
142
168
30
24
112
236
109
177
77
9
246
79
101
202
50
201
140
91
189
211
249
244
1
35
74
10
89
32
37
119
108
255
33
142
30
3
137
26
31
21
15
46
203
192
163
37
175
156
157
10
146
231
232
219
192
170
19
12
14
100
46
29
99
9
10
56
165
113
98
210
193
153
219
110
184
158
151
15
61
34
246
91
150
26
212
221
120
127
232
50
55
143
120
232
77
60
193
204
52
36
225
41
199
241
3
93
109
81
20
25
150
78
151
213
80
136
13
139
172
7
81
97
205
71
202
247
19
181
77
167
228
171
34
17
49
179
20
45
128
94
254
109
12
94
104
201
2
19
119
60
69
108
175
137
234
228
211
130
170
235
7
25
92
65
113
172
197
60
220
104
93
235
175
117
200
214
117
76
100
100
58
234
205
123
39
215
179
117
198
116
86
212
121
74
120
38
199
220
19
44
201
211
179
8
51
234
161
234
83
186
70
54
31
53
241
47
17
215
9
2
18
209
139
144
59
197
38
220
94
179
121
179
52
138
7
38
99
221
193
199
110
14
222
250
226
240
47
124
125
16
91
223
220
86
88
47
168
108
139
243
86
126
79
88
232
91
234
141
167
238
201
12
0
175
23
135
67
91
183
97
54
186
76
90
213
58
20
46
29
143
52
168
35
207
219
87
52
87
149
131
221
162
63
161
132
93
89
218
205
36
128
234
129
196
204
157
168
194
4
195
131
98
88
131
45
220
210
160
213
217
156
141
66
215
161
192
91
201
241
146
75
202
157
129
160
92
217
252
159
232
87
54
122
133
54
32
41
142
104
145
53
55
206
142
66
179
221
138
7
53
148
108
196
95
195
192
85
233
67
128
130
146
105
226
12
33
187
134
64
15
169
31
219
69
34
249
49
131
7
41
99
171
93
142
10
90
16
36
128
204
101
127
203
179
52
84
203
42
65
184
130
55
234
24
228
200
80
237
20
7
197
254
181
127
211
43
184
216
114
69
137
147
119
121
214
191
23
131
148
5
160
25
77
140
182
11
10
57
130
109
253
90
83
195
80
125
87
173
254
126
32
200
17
159
110
225
142
50
114
200
52
237
42
175
51
141
242
118
225
147
57
140
25
156
226
3
247
207
230
80
138
15
83
106
112
188
160
207
54
1
242
242
21
214
128
77
6
155
22
228
255
103
79
101
133
130
8
115
4
141
94
120
27
138
202
253
87
216
227
74
197
1
67
107
109
28
168
243
30
60
176
42
103
19
231
107
100
128
249
200
107
123
132
145
235
112
173
217
162
239
129
163
107
203
104
222
162
127
15
56
204
247
45
40
79
60
117
38
147
244
178
121
18
214
36
51
26
176
54
254
203
198
9
73
217
152
150
123
205
41
52
0
185
12
30
178
208
247
103
182
106
241
159
146
3
248
114
43
136
235
190
222
96
162
130
129
203
32
71
135
153
131
170
248
97
154
188
210
106
56
82
64
103
254
146
232
80
92
44
167
223
221
50
212
221
121
231
76
193
42
184
248
222
1
43
28
187
92
239
137
131
127
2
4
33
133
193
228
253
4
45
79
173
105
92
198
36
176
31
186
139
199
215
130
203
243
254
63
134
211
102
171
48
246
61
102
128
209
87
4
131
54
50
188
21
242
104
100
25
97
15
218
55
168
235
86
56
90
58
172
114
99
33
85
243
18
69
62
43
222
122
135
203
217
133
149
230
152
48
134
192
4
95
216
241
178
212
177
53
116
205
203
184
11
45
49
38
166
225
227
44
70
4
41
2
68
222
62
21
129
151
112
111
68
192
233
61
67
165
71
132
62
33
151
217
225
188
79
39
64
140
250
31
242
184
224
45
143
139
127
228
249
164
104
170
8
6
0
170
37
243
119
53
167
27
172
92
205
61
228
246
31
15
105
90
208
143
58
229
214
112
242
88
187
254
78
199
14
180
245
110
147
194
110
209
162
175
132
70
160
152
149
25
245
82
53
236
4
242
240
212
94
29
58
206
245
20
217
136
242
55
253
93
121
30
90
159
28
104
232
209
39
232
121
63
147
194
7
110
192
162
91
32
246
111
194
168
137
38
114
11
101
113
217
204
193
171
38
73
226
215
128
180
252
114
148
20
22
248
164
15
234
102
250
222
62
31
76
22
150
138
216
57
104
229
161
146
72
177
181
34
196
228
117
226
165
209
158
120
238
154
72
179
255
231
93
218
20
90
29
212
250
210
24
146
229
119
223
150
163
213
31
58
183
118
166
206
174
137
146
202
26
141
168
94
33
190
217
185
30
96
31
107
27
117
132
158
0
251
205
208
190
155
18
177
29
108
12
103
85
105
82
54
119
10
155
61
169
47
235
19
192
182
152
121
161
56
214
218
32
91
212
232
106
69
98
206
102
58
7
17
135
50
125
203
192
66
2
196
121
72
98
230
185
48
111
36
85
54
151
156
201
145
98
200
145
25
145
170
57
39
168
100
32
144
68
15
219
175
209
187
151
240
197
126
174
92
90
32
102
13
136
119
5
211
171
62
82
45
129
130
202
2
243
147
55
157
207
28
139
255
156
231
73
81
169
24
200
56
233
150
43
146
218
109
74
75
61
38
218
26
72
167
107
240
151
247
60
239
115
129
185
60
235
136
101
74
44
177
224
170
76
39
146
81
38
181
196
227
108
18
108
193
209
17
120
66
250
135
174
41
103
114
251
137
236
122
37
140
188
146
178
147
240
141
70
137
255
142
202
227
182
175
135
101
135
69
73
69
75
234
147
102
155
173
225
43
68
72
80
187
58
83
34
252
31
216
73
160
214
217
163
156
160
155
35
203
74
92
25
8
135
206
101
96
200
29
253
91
255
255
164
80
25
100
80
207
203
242
121
205
128
187
88
59
23
87
8
193
39
139
23
219
17
75
168
235
23
50
192
115
63
26
81
235
197
141
111
217
190
110
48
85
232
170
222
48
42
224
74
54
247
148
76
187
12
0
163
110
199
38
11
12
100
135
62
33
8
230
15
223
135
28
124
93
77
181
212
95
150
66
12
43
3
117
243
228
153
16
82
197
230
247
109
43
217
86
11
32
5
129
254
153
182
191
220
239
165
168
220
36
11
251
213
84
191
85
26
24
5
196
196
21
46
240
25
20
244
77
245
20
224
247
10
89
18
216
217
104
24
247
195
121
25
10
155
103
161
33
0
206
131
84
215
23
8
200
4
41
205
62
233
102
22
100
112
55
53
45
149
80
160
69
189
117
82
12
220
105
74
138
52
122
170
53
162
162
249
65
129
148
114
245
165
14
240
124
22
248
134
35
89
242
244
230
189
134
73
117
186
70
173
19
67
83
119
67
52
115
86
194
97
144
31
185
33
20
31
123
188
145
189
107
18
42
206
56
236
138
97
22
102
131
139
238
168
154
81
248
43
85
245
252
29
99
79
173
110
4
254
53
175
126
176
13
58
47
77
2
192
61
254
212
3
96
154
77
168
148
93
222
47
53
97
188
207
154
46
52
214
204
2
11
219
121
188
136
164
104
166
79
186
250
159
161
255
97
29
81
17
239
206
190
40
187
56
229
145
175
67
151
71
230
38
104
242
82
17
199
210
8
63
227
156
88
2
77
216
251
225
135
97
20
94
159
222
26
148
8
38
31
79
83
116
26
251
112
76
153
112
138
211
7
229
242
99
59
179
83
107
97
230
92
113
243
26
67
26
171
146
58
178
197
9
46
67
41
239
181
164
57
51
14
89
175
64
101
16
221
157
7
51
9
251
130
51
182
82
99
63
52
220
4
30
161
130
75
232
23
74
115
2
231
49
189
28
122
8
25
115
166
42
162
0
167
73
160
94
184
78
1
94
41
252
244
59
0
139
156
204
229
129
4
70
10
102
230
223
98
39
177
223
153
234
109
19
61
120
89
145
253
104
5
26
73
89
62
157
2
18
110
117
126
95
34
214
13
14
68
213
20
22
204
248
225
218
201
154
104
243
133
92
0
238
23
47
175
1
188
216
190
193
2
122
161
22
37
94
68
229
246
163
206
196
