47
144
242
184
158
161
100
165
33
12
124
19
14
144
143
255
158
212
188
239
250
204
32
139
155
38
159
240
77
103
230
127
141
62
56
225
102
78
133
7
191
138
174
200
45
236
154
117
179
146
223
40
214
250
212
124
198
147
197
91
25
214
243
216
74
31
119
167
64
253
208
151
172
7
156
68
59
88
48
43
245
61
3
214
146
1
211
177
230
212
253
18
141
88
19
196
11
99
77
121
232
157
22
167
164
142
14
0
248
224
247
49
249
182
155
226
103
103
80
243
11
108
249
158
161
67
245
89
32
175
110
143
60
126
233
207
65
38
123
204
12
66
122
79
20
95
252
180
91
248
217
206
139
71
203
21
133
79
214
114
207
105
158
26
157
187
15
122
187
198
190
246
99
138
135
162
244
154
219
140
66
30
220
181
42
144
122
246
41
219
53
41
233
199
112
240
121
215
128
162
181
221
148
164
80
35
173
157
66
199
179
90
105
196
48
11
172
214
163
189
40
26
145
76
43
175
213
252
64
3
214
205
3
167
130
130
65
29
15
39
32
168
173
25
98
125
252
59
175
169
68
167
248
235
6
87
146
214
104
128
95
9
142
49
158
149
210
189
197
16
158
180
242
67
152
159
211
213
101
104
102
241
5
140
48
226
161
129
182
158
89
201
225
95
178
232
134
7
162
65
151
63
195
17
96
181
66
255
164
106
174
56
61
17
75
111
169
21
164
201
232
91
55
128
120
176
32
202
177
125
114
147
131
214
101
5
214
19
240
197
188
103
35
201
51
132
174
154
59
209
42
153
240
179
74
135
115
232
181
21
25
45
245
107
36
218
144
35
128
251
51
124
189
141
14
160
61
151
45
73
187
96
158
112
52
127
174
208
55
230
239
75
166
2
248
48
168
150
190
123
198
248
151
4
4
184
175
4
248
86
169
155
57
7
90
210
90
202
229
71
128
51
250
76
176
253
111
8
35
165
238
170
224
115
229
38
198
113
115
76
238
75
223
3
76
142
9
76
101
124
179
166
123
55
68
212
96
134
161
157
111
208
168
36
23
134
227
173
31
11
128
82
87
109
244
239
251
87
190
147
7
206
148
254
26
29
225
90
195
5
28
157
215
220
89
88
173
156
150
188
125
155
174
71
61
152
71
60
235
251
221
4
185
214
223
78
253
236
1
216
27
157
245
218
227
111
197
159
96
47
75
11
42
157
218
156
119
118
180
136
159
239
135
134
240
239
28
31
53
4
97
177
30
197
83
122
58
32
255
190
253
110
152
47
0
182
174
154
164
238
55
78
227
140
144
159
118
152
252
242
182
206
32
85
33
214
74
184
236
221
90
130
35
225
95
196
132
72
181
87
14
99
45
142
245
6
227
41
11
242
215
230
2
7
247
188
162
27
127
109
41
213
192
12
248
131
4
229
205
98
62
251
181
87
83
226
185
105
108
224
171
221
190
245
27
146
19
87
137
224
131
248
49
134
200
183
74
124
165
124
164
95
113
111
224
86
141
0
254
118
86
234
51
186
24
141
244
222
221
98
230
214
187
33
255
152
136
49
182
251
13
59
154
11
170
52
217
59
109
92
9
28
82
161
184
194
201
116
208
78
80
191
253
242
202
168
41
181
252
58
4
94
119
43
23
43
3
161
82
191
231
130
241
130
34
3
131
131
85
239
144
134
213
38
15
83
176
67
160
112
40
79
201
73
30
7
236
231
172
253
46
76
16
179
224
148
248
255
134
113
39
69
184
172
208
100
211
153
108
153
74
91
86
135
5
246
106
33
113
171
93
63
134
73
254
200
74
245
68
206
183
94
223
100
126
115
94
198
137
233
97
120
27
154
155
32
186
244
126
129
126
175
123
65
53
245
218
14
8
116
4
233
161
109
247
105
169
1
127
101
212
177
161
199
171
45
220
105
53
52
70
90
189
34
101
242
115
116
214
146
17
12
168
136
188
206
238
64
127
14
98
182
196
16
164
144
140
103
135
220
73
38
167
77
185
110
15
153
172
251
204
203
100
225
49
108
214
160
219
59
97
194
121
142
192
124
215
88
230
142
21
179
128
251
164
95
11
177
124
164
160
40
227
171
41
194
102
239
228
61
134
205
29
0
139
66
234
115
46
150
12
167
116
215
50
185
83
61
155
219
39
158
60
90
122
191
142
196
30
235
238
177
17
81
107
243
186
127
135
175
17
120
1
110
80
18
132
122
107
6
93
254
181
145
116
194
129
237
236
229
253
203
33
163
136
200
129
174
60
216
112
58
148
91
6
4
162
214
111
190
226
117
255
12
106
183
157
72
204
33
166
208
131
197
